576
133
331
69
736
12
71
97
4
954
759
512
186
260
77
9
639
550
524
429
833
809
19
945
514
816
54
81
837
379
269
324
689
569
678
52
344
551
91
912
726
410
138
478
658
507
155
826
951
314
850
763
894
762
734
210
402
704
248
840
74
273
660
78
738
928
958
863
666
943
110
101
973
748
778
588
38
399
263
506
827
815
383
467
443
818
450
292
968
102
196
180
153
470
323
698
322
859
857
244
82
341
114
860
655
312
508
866
825
203
696
587
13
723
130
420
123
474
607
381
480
926
791
683
635
414
891
288
518
710
458
876
807
637
786
261
913
821
832
137
374
770
659
415
59
441
746
336
852
419
598
175
692
219
858
122
687
842
693
799
141
136
320
445
487
80
194
10
359
806
571
479
202
86
526
649
789
980
897
793
67
6
40
116
757
714
690
465
192
677
275
884
739
636
235
105
725
601
472
996
471
435
226
646
124
159
61
423
673
610
955
346
606
360
369
938
942
179
787
812
18
887
935
749
197
214
880
207
584
582
335
682
228
169
93
941
565
333
927
46
937
2
57
47
457
947
898
26
421
329
652
56
782
422
907
760
555
903
451
504
697
795
575
289
803
278
385
96
516
835
213
895
302
34
0
334
391
66
836
792
321
109
183
830
528
476
513
350
115
988
684
87
174
911
871
253
889
663
230
249
83
645
547
16
706
311
495
294
283
991
952
820
461
834
307
361
873
761
542
380
517
31
754
777
201
351
211
193
541
119
293
604
236
978
224
585
265
425
132
243
592
257
43
650
939
967
843
100
120
950
42
970
745
930
822
35
477
805
345
190
437
562
729
390
906
641
417
216
984
722
572
936
765
21
971
808
200
279
633
916
790
150
874
957
664
548
84
104
995
442
702
934
75
990
188
679
751
28
176
373
989
783
640
158
427
879
885
63
774
730
848
440
498
195
366
564
600
400
327
240
217
160
317
509
128
291
23
53
238
173
969
975
404
814
855
407
394
801
223
845
920
268
612
909
446
466
631
733
267
998
264
485
771
161
310
675
151
389
780
316
108
558
720
972
412
62
654
39
492
657
55
999
794
925
870
586
8
493
426
647
301
205
567
280
489
772
456
129
798
900
634
779
70
15
285
888
603
893
241
668
882
237
142
454
30
295
597
534
617
483
88
430
948
259
532
342
33
156
716
573
881
416
166
976
629
309
439
73
95
428
931
901
849
92
644
735
246
272
921
813
103
856
923
167
397
365
64
711
218
300
784
68
932
27
992
5
266
914
559
638
491
353
239
605
398
525
910
171
499
676
829
608
330
522
170
583
134
25
715
208
94
869
533
824
177
839
705
252
797
146
672
781
356
523
126
113
284
707
515
14
769
209
502
354
147
628
299
107
58
222
862
713
844
281
865
384
447
846
459
653
242
614
618
490
755
245
411
44
823
669
232
964
595
339
877
308
552
695
519
343
372
50
708
206
178
621
868
613
332
184
535
296
594
630
861
788
163
740
554
164
699
570
966
731
460
357
154
867
946
36
831
671
45
811
922
929
623
215
403
758
591
665
838
99
686
986
262
817
277
981
22
732
987
187
918
924
304
325
60
198
953
828
561
753
112
355
580
76
1
24
501
405
944
540
560
143
7
703
919
549
348
505
494
377
270
773
886
258
602
106
393
776
691
328
624
375
902
744
347
611
742
90
785
905
349
185
915
965
529
997
651
622
933
182
486
756
500
545
434
685
162
131
581
388
306
899
728
626
473
37
455
204
475
872
432
908
326
135
904
949
661
376
438
956
297
362
189
563
371
89
896
982
462
688
796
212
468
406
148
578
985
983
566
29
643
841
396
892
766
256
448
590
752
378
370
510
17
974
358
234
231
750
709
768
221
960
418
368
229
802
408
276
553
520
681
890
444
225
168
568
543
511
118
363
662
338
251
313
464
157
496
482
680
337
712
271
145
287
940
544
436
49
165
274
117
616
139
48
255
667
883
51
149
853
452
227
527
282
220
620
121
819
503
810
632
298
743
741
254
32
286
152
656
538
290
521
172
469
577
387
596
3
619
775
315
642
878
674
191
453
963
98
144
111
615
648
536
433
546
701
961
767
352
979
449
497
127
79
382
556
233
977
481
318
247
747
737
764
409
962
530
804
72
627
589
364
303
721
20
700
413
847
531
994
340
800
125
424
875
401
574
85
724
537
694
625
959
854
395
181
593
431
463
65
392
140
199
609
386
851
484
727
717
599
718
539
250
719
41
305
670
11
993
319
864
367
557
488
579
917
