9664
9741
898
4519
1004
1841
8308
5432
1539
1980
9337
9447
770
1578
2250
4664
3606
5921
8799
5268
2062
99
3003
2550
5914
7947
2986
954
5059
6547
6997
4171
1621
5136
2995
4969
2251
3368
2660
7113
5382
8397
4313
4314
5101
3472
446
7713
6708
5575
7277
3274
2422
82
1192
3535
1020
1170
5731
4201
9485
8250
3335
2979
8918
4636
4342
970
4945
6210
2970
9345
1417
4451
7677
3299
5780
8479
622
7790
2225
7195
4408
6312
4762
8813
6865
6469
6327
5592
1579
5007
1936
403
6169
5177
8660
200
2851
4483
7526
9420
9422
2482
9715
2314
4881
774
2715
5915
8824
8061
6091
2165
4690
3832
7271
890
1728
9436
7431
1099
798
5188
176
9972
4216
7302
2772
9686
6267
7965
1918
5365
2197
1473
5154
9938
8150
8731
5200
2442
5050
5977
5655
5002
8693
2700
9890
5429
4250
4928
2897
7445
1946
9979
1226
7245
990
2014
7107
9565
570
84
4750
5839
9209
7201
1352
6532
3967
9387
8063
8381
4484
6641
8991
7912
3020
2095
2577
5806
5875
1854
5210
7335
554
5441
4587
2186
9113
5614
1169
8459
5972
551
4866
7541
9437
4719
351
246
6013
9847
2617
4248
4832
5047
6259
9112
1802
879
5936
2051
7995
6956
1100
4410
5501
4110
1069
3677
4273
2413
674
5970
7367
4251
2555
3919
5192
2088
6572
8755
392
5444
7844
1015
1035
3421
7505
4847
6018
8847
4311
3106
1503
7075
562
9265
7675
8637
7606
111
4536
4745
4739
3875
4426
1741
5478
5568
5512
4748
5907
4224
3880
3418
624
3639
5605
3108
4987
2625
3236
4214
6955
8421
3771
9819
7003
9046
3118
5289
5474
3373
4194
6824
9980
3849
2908
7428
318
7361
9543
9647
3799
9068
5019
6833
462
8979
9467
1206
8016
7106
6432
7304
1778
6825
8125
5898
3009
2636
2206
7792
6611
1667
1148
3654
759
3705
5637
5418
4097
7389
7146
2744
7860
1879
7394
6885
6882
4262
6784
2676
9325
9745
7259
909
5877
2610
9427
5179
6182
2821
7322
2605
3715
5433
4079
9603
5272
4237
6496
152
9030
2800
5808
8332
1558
2224
3780
7611
7212
2997
4449
7578
3030
9317
1633
2232
8466
4980
8199
496
2517
1110
9401
5004
7045
3951
5882
548
1107
1430
5710
166
353
7338
5473
4419
3416
8530
7530
3848
3128
645
2127
3350
7941
7911
6546
8803
1304
2673
694
2415
7926
8796
2770
4206
3712
4062
4948
6870
204
2524
2974
2436
5119
7136
461
439
8044
5116
5794
4967
7863
957
9455
4389
4192
6596
9774
3549
7466
3255
688
9383
317
9133
3294
6251
9770
6652
3453
1347
6367
2880
2893
2650
8165
8131
8812
5121
3095
3870
4580
4709
2065
2079
4515
4432
109
3649
1036
2523
3651
6987
3208
7872
2125
4063
5008
9329
6668
8988
6894
6860
3305
2087
982
1842
2259
3513
4444
7188
1272
9368
598
7094
7943
690
2166
6444
2089
6215
8000
776
4940
9573
2184
3146
4125
915
52
3676
4108
2044
3551
7974
123
2081
4596
138
3458
8527
5927
8152
8641
263
7733
3432
5590
9169
434
5554
8441
4309
9913
4968
6893
5248
9432
4207
1844
494
14
3972
808
7547
712
6141
398
4917
3885
7430
4464
1325
3478
2708
4247
4265
5095
6363
1525
5968
3817
4134
260
2302
2252
5931
2152
8665
4038
8715
5667
5664
7435
4112
6292
8849
9389
9907
9788
295
7626
7803
6914
7748
9065
8158
9926
6374
578
2983
4735
8940
4525
8640
1193
651
1822
7348
5883
5395
8054
8304
7632
9953
3187
1758
7924
6235
8322
2417
6072
3642
7281
9975
9663
8736
9990
8961
1960
2093
1850
3796
9331
3948
6664
2187
3489
917
8712
9589
7656
1011
6577
360
9153
6684
6748
3487
6578
4439
9870
4777
8687
4256
2448
6470
1308
5265
654
7734
4818
2919
5997
1543
9424
2210
3483
8185
2537
6844
3
9965
1153
6549
6934
4830
2236
8154
5815
743
3840
6993
6345
3942
9017
1668
1483
1932
4241
1114
8958
1415
2858
5423
1582
2925
6880
7056
8548
2547
9307
3683
5113
37
7068
8353
1990
5928
1297
4941
8944
1852
3993
3394
4811
5257
7214
7112
7040
1446
1901
6849
9858
1006
3889
2046
2599
3636
5299
3229
728
4455
8670
8058
7438
8685
5620
2511
6910
1376
6226
1492
8184
2000
8215
4351
4815
2561
5417
6679
1134
9678
1868
3704
4822
5534
3770
5705
6343
5948
9204
4903
1349
3829
7936
4685
4232
4051
3468
3332
7189
1706
1281
5944
2233
7877
1022
3943
3195
3520
3342
8968
2705
8437
2630
3355
5675
7137
1897
1098
7986
2729
789
1849
9541
7396
9255
2671
1005
505
9688
2492
5773
9369
7060
4804
206
7105
4730
4582
42
5016
7763
4404
773
8960
4258
1807
8374
2789
2786
8550
4453
6105
8635
7190
9103
2286
1827
2316
4694
122
5494
2795
7309
1073
4193
767
5305
2464
4923
6032
6855
1550
3360
1977
2852
6148
9179
4486
580
9608
3619
8708
5695
5688
8452
3039
162
1054
2853
9918
3283
9196
8529
7084
846
4545
2386
6348
293
4177
1345
3217
7558
3970
1414
976
9659
4875
2472
642
6726
997
1953
8810
4764
6966
2358
216
129
780
568
93
63
1332
8145
4585
9143
1467
4590
2778
1242
8669
9778
1152
5504
1317
7494
6473
3924
1761
310
9492
1306
2459
3288
8402
1257
7342
5621
3060
7670
7759
2038
2917
1995
4783
433
6556
1940
4534
422
8222
2627
6501
262
8090
8625
2651
6057
880
4225
9212
604
5393
4042
4234
9960
4412
7767
3321
1124
7128
2570
8156
4211
8532
9174
6852
1785
657
9574
4858
7991
7728
8370
157
9886
501
3440
9560
4423
8992
3370
5169
772
1235
6373
5310
4638
3652
3521
9814
7358
1930
3127
9141
3433
273
2390
9710
5256
7981
2502
906
1143
2146
6132
6673
7434
1188
6805
9078
7465
8832
9285
4173
3322
9978
3149
8291
6568
4133
7836
1362
6286
2484
3650
2354
1361
1923
734
5161
299
7369
6729
3191
6194
2991
5829
1279
8761
1177
6989
2466
9197
9602
6025
5480
3679
602
444
3372
3899
1553
2750
4821
6047
3536
7147
6075
2569
6326
8013
1985
5698
2730
3622
8089
5345
5546
2283
5403
2170
2720
1016
9889
9016
6500
8369
949
4573
1066
661
1712
1158
729
6799
5826
8216
7838
750
523
6352
3207
5991
290
5387
2972
7551
8377
7580
5377
6439
5572
853
531
8483
9793
1950
3922
4502
4904
404
3931
5729
7900
4189
6183
3865
1663
968
1464
5600
9135
4096
5246
2913
2005
1572
3021
9777
6516
1436
3981
2156
8713
7450
5290
3914
9190
1449
4559
1390
2178
6124
6628
6928
2726
985
1546
1137
9026
9468
4608
6960
7567
9811
5297
9219
4679
370
41
9296
3992
6070
8980
7876
2215
7337
8176
744
1765
6899
7424
1288
1760
2128
2969
8927
5337
9768
4161
6564
7718
6287
8088
4990
3366
5634
7182
85
1502
3936
6946
9810
4163
8391
7377
3215
6508
3181
6925
2655
8880
489
413
8655
1133
5901
7054
5447
4640
1298
3125
7686
2531
2643
9673
6448
94
9717
7433
2697
825
4402
8571
4304
9087
1675
2071
2160
1232
5225
5229
848
9245
286
4176
6964
8586
9607
5552
3794
6567
7410
8680
4633
6416
9878
5633
9615
3630
5799
5181
4869
7834
9319
5486
8754
21
5284
8877
5228
9931
9633
5500
6962
3424
8009
2351
5302
7026
1454
6757
3946
4900
3318
8192
7501
6502
6454
8534
888
6200
6739
8361
7785
1855
7515
2363
6042
6263
9288
481
8004
6254
261
7158
1126
2423
8906
6484
7202
4055
6061
2514
4616
907
5647
1321
3412
5407
1907
4217
9497
4229
4712
662
2753
766
9598
8999
8815
4399
3257
2613
9555
3222
5857
9867
6749
3503
5099
986
8203
3328
3123
7452
4368
7273
9340
6405
9027
7543
5615
9836
3438
1434
2075
609
3693
2365
5520
613
3707
3732
2620
7451
3847
2844
1744
6945
172
2839
5866
1435
9623
9119
7132
2867
1335
2554
8845
5965
4645
4508
4433
8295
3041
1876
2559
435
6724
7228
8879
3212
7082
3714
3926
3522
4136
2807
8874
2476
5541
3441
7513
6543
4115
8887
7379
9191
2361
3995
7537
3784
3664
5645
4000
6540
7100
1869
8518
6369
1592
7370
400
2193
5394
9917
6127
8066
3048
1752
4522
2964
8258
8816
673
8846
457
9039
6597
1978
3081
2410
4591
275
2633
184
4576
1162
758
5525
4033
8348
7072
5498
8787
3692
1937
841
2912
3205
7475
1481
8858
9985
4267
6736
5978
5846
6758
4489
4703
6093
4252
4323
2961
7890
8591
1886
23
893
792
4378
611
4031
1215
3295
2874
4919
3186
9280
5361
6706
8551
8287
7715
6193
4049
2475
1442
3277
1199
8922
4002
5250
978
9683
7671
1981
9233
8686
2217
4938
1555
3404
2891
5825
5051
1062
2357
6526
2039
1009
6422
4665
9327
3547
2433
1493
8059
4528
2966
3141
1472
4441
8120
7049
4167
5205
7262
2153
4318
3629
5129
4257
8631
1007
8568
268
9118
7090
3382
1865
173
1477
3264
4321
2859
8732
4070
6518
1803
2083
8042
7847
5034
2945
2690
1167
3046
4427
5506
540
8264
2872
1116
207
8817
8651
3802
4656
3722
6986
4305
6046
2049
2890
9309
1485
8742
12
1767
1507
7510
5742
5146
282
7969
6412
7265
3180
1363
3656
6122
2027
2861
1692
2924
5347
6228
8254
510
6685
7583
4349
6319
5769
9991
3415
9426
7171
1200
8318
7059
4371
7279
9951
1225
16
9830
4280
4597
859
2664
1447
1491
3990
4036
8681
2918
5472
9945
6689
9273
7931
8675
1151
1653
215
8528
6450
6487
6167
2385
5959
9263
3309
388
3250
6318
6606
2342
3388
1643
8648
4053
6887
1424
4003
3670
73
543
1902
5090
2755
9754
7801
4184
7299
6184
9591
8989
6608
7032
2435
4935
5792
5489
5245
3710
8973
952
466
6144
4772
5709
7183
8080
2812
5100
5312
9101
8793
7220
6202
8505
2059
9977
2659
4090
7390
3883
2219
1355
8672
7989
9855
178
8303
4676
9425
684
1286
4625
1910
875
458
6943
1056
8436
8546
1214
3827
2384
1619
8210
6529
7868
3096
6895
8345
1784
2843
2339
6477
5291
8269
6107
2520
940
6482
7825
7263
5166
8853
177
8342
225
9511
4731
3809
2271
6458
5966
9897
8076
4268
2168
440
2289
2452
9124
1252
3591
2280
4660
402
7442
4263
6830
1829
8354
9562
7186
1992
747
4459
60
8543
3938
5844
8592
3932
5089
7375
8283
7901
1049
2578
7739
5606
4680
3080
4260
8288
7820
1174
705
9429
7409
2790
5529
2430
442
4717
7178
8489
1438
7033
8276
8053
1939
8372
7077
1720
9776
4702
8481
7972
298
3905
7812
9024
1867
2597
6389
8756
9863
5849
8608
731
4985
4409
6537
7415
3962
5316
2135
36
7904
8174
5174
1729
5462
5195
6523
4347
5836
1840
1333
9186
5770
3594
5453
4601
414
9332
2505
6670
3985
7866
5958
5115
2356
8654
6248
8576
7426
3853
9397
4041
8270
9704
5036
3846
278
6595
6304
1576
6619
3828
1103
6397
7960
2212
939
3960
2204
9061
7565
695
2803
6164
6752
9825
4296
6837
5428
5539
4117
7780
3273
4732
158
7784
7862
9920
9835
1079
5902
5465
1450
2132
5160
1176
6288
4991
5728
1858
1814
8668
3314
9546
2922
2662
7975
1783
4377
4720
5625
7027
2754
518
6764
9097
7069
182
4838
8966
5253
2437
9380
5144
4907
1156
9755
6656
7213
2958
2976
2692
7418
7408
2677
2080
4128
9669
9289
8664
2579
3397
4612
3182
7853
9005
9876
96
2809
8901
9517
3490
3279
4722
4879
5355
6313
4416
1885
3154
7830
7052
8709
999
1791
4476
1958
6998
2848
3231
5837
2920
1207
6372
8321
191
5234
4592
3850
9542
2916
6092
7616
8535
8456
8242
4175
9073
4554
2255
4317
1239
9261
9371
8148
2942
2612
5274
2948
7776
979
9736
4302
6969
2122
5732
2751
660
3543
6027
5320
3315
1401
4064
9956
2370
4431
8700
5231
5635
155
5591
6633
9892
4246
1511
4218
6400
1733
7290
1606
5734
2207
4142
8771
6280
1348
7740
3530
8775
6446
5954
601
3786
6224
871
7324
1387
8346
2432
2849
7098
5404
9348
9625
5213
2489
2181
6678
8984
1238
233
5303
7997
259
2666
2078
7043
467
6002
4682
8981
6609
8077
1516
7814
9034
5155
3592
9165
3183
8624
4939
4457
847
8628
8189
5039
3304
9576
4800
7856
2032
1541
7130
127
4391
55
8934
3977
3908
8323
4022
1686
1412
6083
2085
8896
9807
6380
2290
3916
1806
6747
9527
7317
2981
7328
7216
8278
6792
8904
4355
3357
6704
8983
2748
4966
600
534
1685
7378
6102
4050
9195
8683
8349
6227
2311
7145
6285
7233
3734
9609
3374
9072
9548
5845
8333
8029
6794
9561
4413
3253
3037
7913
2337
7977
5468
5013
7488
271
1687
3179
8427
7702
1730
3858
6289
6090
1029
5585
9954
7571
9634
2695
9864
1245
240
5123
503
8039
6659
714
1351
6574
4814
7407
1637
71
3668
3406
9047
8248
5662
1641
899
4539
1677
6066
9014
2376
8092
8312
3647
9850
6128
1128
1613
2836
1519
6583
8986
3941
1251
7192
2374
4190
9478
8268
8398
5604
6206
2519
234
7320
5548
430
3301
3590
5744
147
6097
4447
2808
6614
803
7804
9062
2973
2394
9384
9139
3935
3414
7548
4487
3055
1540
2931
4415
9651
4960
7916
941
8854
1074
3486
6181
5608
2628
2001
3691
1681
2329
6179
6086
894
2453
3524
7609
1040
6607
5042
5802
4942
2229
214
3672
1408
3211
801
2055
8763
6311
4025
9733
8255
4001
1808
7079
5872
3408
6637
7260
5266
5670
1657
1651
8865
8128
8471
6938
1934
4281
6109
2723
2544
3895
1731
1264
5540
542
1856
6627
0
5964
5740
6497
8694
7021
9935
6512
3518
3213
1312
2586
8970
7286
4329
2392
9282
765
5511
3501
2535
522
3087
6973
5092
5255
2513
412
1077
1547
7144
9388
5487
6906
3000
9790
593
8477
9860
4788
794
9324
4291
5283
6672
224
1119
1526
5994
8018
7085
8953
9315
7476
5230
9415
8587
437
7520
4611
5507
5521
5880
326
2769
1405
9207
5885
4196
3493
961
2499
3548
1224
7620
929
9491
2037
8676
8257
7621
886
704
4045
1322
4691
7000
1285
7883
2906
1122
8033
8902
4734
348
4683
8643
3238
7288
8909
4647
1857
2213
6297
2631
4089
4894
6531
6917
9820
6461
205
3697
3540
6840
4493
5671
238
9500
5118
6645
8920
1475
5277
4073
8209
3709
1452
7854
3159
6872
4957
255
1629
7007
2794
9846
8905
6816
6379
5697
9004
4199
3637
8859
1336
9151
8842
4469
7566
9413
1198
6071
5708
7939
5910
520
1656
4902
9674
253
8748
5772
2322
8159
1746
3779
7268
7845
2737
8525
7519
9294
8418
6573
31
5676
1287
835
5918
4579
1944
9973
4353
9274
8474
1140
3706
7613
5851
607
1129
4652
4622
3790
3371
397
9132
8659
3378
3454
9490
652
4454
357
4621
3290
6011
679
9932
5955
4082
9096
1113
692
5627
5197
5398
2710
4373
8113
5704
7696
9241
2696
1724
7869
9695
1777
1877
9106
4997
8620
2721
5946
1023
1186
3104
1118
3872
7156
2935
6545
2118
1034
4565
3199
9841
8677
6721
3699
449
1273
6451
6781
2760
614
9670
2397
717
2796
1521
2759
6265
6252
5689
3773
8513
3811
9342
7502
5005
1989
3803
6983
188
7514
1835
5628
7275
4727
9346
8038
4687
5952
2425
100
4721
1658
5221
2536
653
6471
5810
6101
2454
8884
9518
5452
1163
8804
9577
6268
9320
6626
9311
8831
8834
7934
8034
3190
57
4395
9539
2606
3413
2680
2685
1533
8329
1175
5656
8657
6064
2278
5720
7327
1725
2868
2228
9554
6067
916
5782
4430
9211
1739
8289
2321
5425
4007
1048
6786
5086
8399
7310
6527
6883
1575
1201
90
8889
2367
1392
8245
1388
5332
2564
272
8649
8747
8886
2305
6156
8811
3320
4629
3103
359
8356
5363
4154
9
1790
4959
5149
5858
9909
2758
9749
6831
5975
3336
1933
2461
905
1965
8162
8309
1941
2877
4141
6222
2915
519
2516
8931
7765
3139
6560
2829
6308
2862
877
8235
629
2556
4361
7764
1810
5759
2313
5402
7852
5217
6195
9237
8419
8460
6714
2798
4943
8006
2323
8183
7416
6464
7861
6746
8146
6199
3752
1476
8881
3876
6808
7753
8383
3842
7152
8292
6940
9303
5056
1603
8055
4113
294
3879
8087
9343
7857
2928
7650
8201
7777
9344
8197
7839
8818
7596
7663
2154
5315
2480
5736
3541
8844
8781
448
270
9773
5386
3326
4787
9637
4901
3764
4118
1676
8890
3155
4504
6539
362
202
9516
1691
6788
3069
4381
6665
4057
8190
229
8411
6290
339
7660
2408
9988
4475
6528
7546
2265
790
9025
5678
132
175
2941
1861
616
6587
9125
686
7829
9238
4220
5761
6519
9805
219
8022
633
7096
8780
8239
5807
1229
2747
3001
7646
9069
9756
1682
8567
1420
8721
4160
814
2141
2340
305
2221
8870
3624
4289
992
7827
6857
5018
3675
5502
817
998
2109
7643
779
3978
6922
1880
7817
1104
6486
7927
40
3193
1754
8191
5338
2500
284
5388
7097
7953
618
763
1457
7590
7822
8776
5831
8403
8023
9757
802
5080
6754
1365
4179
9182
4383
8298
7315
4743
9404
1165
280
3402
8866
1194
1059
5611
9194
583
4958
845
8151
9970
4472
517
5226
6559
1926
6217
6777
1825
4773
3073
5823
1971
3568
2003
9356
6878
5106
4714
5443
4989
6037
15
3038
9435
9032
9699
829
3042
2731
3556
2303
7553
7684
5029
232
9105
9781
9859
3455
3669
2208
5916
8468
1411
1083
7294
1095
7592
7293
6039
7761
7672
6797
2041
1948
8762
6666
9480
2310
1088
6768
6875
6629
7359
8241
8615
4916
7373
5582
1648
8667
4520
527
2419
4204
8213
9908
2066
2968
5150
6284
8506
8705
4406
9971
9399
4540
8701
3090
4107
6798
4137
3049
1751
8057
3725
7283
3256
9088
110
6965
7111
8163
2576
9726
7747
6995
8539
5557
4704
3135
2994
4635
9962
7411
8046
2487
5783
7492
8047
2562
6693
342
3504
5037
4873
9114
4569
6463
7133
9976
4806
9549
4584
8495
732
2398
8798
3565
3492
2086
991
2641
4506
663
9725
8300
9127
536
9767
1396
7714
7770
7562
5544
2381
9374
4983
934
4533
9514
465
6462
8538
9430
3623
9641
3047
8106
8347
8862
5431
9936
1714
7529
1253
6282
4131
1260
819
490
9318
3491
3999
8794
2179
6999
2188
8129
7651
5551
3094
2889
5110
5223
349
2173
231
8180
2009
6123
7470
1716
3130
3953
322
5198
5385
1497
3761
3249
9690
5093
4972
927
4153
8728
1920
4770
6017
8096
2404
6293
2477
2745
9519
7011
7015
9495
6303
472
8975
1305
2652
4766
6176
3456
9604
7511
3437
658
8003
4499
9624
7833
2209
3749
3142
5258
2905
5613
4266
3420
9457
5322
5863
5030
1465
8271
2668
6125
431
7412
6112
1991
7976
2205
6257
5749
2243
117
6388
3928
4886
3632
334
506
869
1250
656
1478
3906
4058
3689
1833
7344
9140
6116
9365
1292
4333
8196
9684
6060
2743
6084
8228
4654
3682
7229
7971
8509
1817
8923
5033
3364
9393
1263
920
2353
5415
9229
4516
307
4835
6225
5853
5348
9334
7160
243
2623
5617
1510
6592
9752
6000
3980
4028
8336
7235
9898
2043
1743
1459
5391
2850
5980
1530
6302
5595
5603
6961
2185
6207
2813
2962
2034
4197
3067
4375
3750
4609
8067
1344
9853
3072
5359
4620
7813
7297
7425
7810
6994
6418
6016
8302
3523
1809
333
7092
2395
2914
3356
6314
5922
9524
1512
5824
4106
1127
9622
2657
3723
3763
516
4805
1583
6214
7572
8572
5798
4977
7303
6981
1429
5158
4226
572
4891
576
9665
4681
8711
8942
3584
80
5515
7959
9441
1047
7321
6674
1574
3411
75
5108
9189
2200
267
2307
4276
5550
9104
5060
1565
8959
6898
9708
3144
9353
5828
2443
2471
8224
291
4662
6686
3861
236
7809
4213
4716
2763
8362
1161
8560
8473
9676
6079
7984
3361
6937
2740
425
4688
5454
8954
788
4852
9493
5848
3132
2012
7564
3494
599
2951
3302
7326
1906
7382
4434
5747
7652
9051
4165
4708
6823
7161
1537
3410
4794
3337
9330
7800
9738
2380
5349
1101
6593
3224
6868
9227
7679
3263
4970
8475
6354
6566
5561
8187
8454
2810
7711
5657
1659
1532
5821
1756
1513
7101
8614
7448
2592
9671
1356
8698
8337
7062
8779
5219
5143
9264
5199
7014
5640
2300
9266
7403
3973
8982
6640
8447
3469
5097
105
3815
56
141
7524
8423
1471
7500
7949
8823
4278
3559
8840
8969
5584
4598
4099
3603
8218
7755
3339
564
7542
6275
1010
1955
5653
9395
699
3399
5860
5281
2007
9475
1514
781
9210
6355
7206
4547
1001
5162
7350
9474
6337
8315
7563
8785
9003
8153
1705
3695
716
1710
8733
7134
9398
6256
8892
1717
3097
9188
6430
5712
753
1979
1082
2110
4319
369
5025
6386
8598
8234
485
8891
7691
6110
3109
3024
2161
7306
3480
7104
7388
1065
7366
8488
2104
6245
4123
7993
9473
7885
1479
9483
2509
6334
9680
3567
3310
7710
3566
945
3052
9723
2646
4828
559
6622
6856
8765
223
2100
3107
2739
2791
2399
9999
3216
1092
8948
3040
6514
3405
5288
7024
2431
1187
5152
3881
6119
8350
9657
429
77
1218
4556
8990
4398
8955
8416
6959
8590
725
911
3093
4913
7138
8498
9295
5371
5074
8373
5412
3002
3225
3134
3043
7177
4155
6253
2828
4593
4148
3909
5203
3837
3657
3792
6008
5196
5294
4272
6851
7633
6220
5566
3759
4294
3882
6525
8430
1371
521
3497
1131
816
4658
44
3736
2543
4122
3539
3727
5894
7709
1967
264
1624
7908
9606
514
6356
9249
3553
6930
5549
5069
3158
7109
6551
589
7987
3730
7963
5589
8717
3720
1834
493
2567
8629
7743
1293
2418
2614
1413
8900
5754
1801
383
124
2269
592
2469
3345
8111
6623
7730
9445
7892
9874
3254
4757
5690
1331
8382
460
2056
4376
7462
4910
3452
3460
577
2074
8301
5159
3762
6010
5356
5530
112
2640
4995
4701
9829
8449
3496
4661
9363
9472
1050
6562
7042
7200
6554
994
8112
6375
5856
2707
3272
6780
5581
5485
7065
3976
2952
4759
4198
4087
9244
7203
3646
5062
4282
4111
6771
3641
7088
5207
5776
4271
5023
8392
7771
8744
1130
8232
1274
2483
3601
7990
8507
7353
2699
9506
4897
7937
7793
4949
736
3975
2312
3248
364
5701
1864
9041
8296
5979
7400
5450
2583
329
1698
3471
7148
2042
6770
1788
4855
4551
3022
8388
7347
5852
8601
8783
7001
9148
1542
107
7674
724
5204
7998
8726
8082
4135
7443
2527
4544
4776
9533
1711
9751
9845
668
7576
2359
5077
7731
8533
3348
1391
9448
5366
9716
6923
2532
6703
6068
2158
3965
1769
7967
1528
2847
6511
5985
336
4986
2098
1962
7333
3585
4863
9458
3667
2672
7343
1905
2194
3783
4831
7479
3574
2834
3890
8829
6765
3718
4736
9323
4892
7768
51
1216
2115
9434
9392
3510
6015
5323
9929
973
2467
161
163
6680
8040
1669
8122
3864
7372
5235
7429
1735
8181
1892
5482
1379
7292
5896
8753
755
6913
7417
9396
5399
7005
5724
3330
128
340
7978
550
4729
9131
4076
6625
1993
5524
7662
7781
5723
7405
4999
9312
1509
8205
6581
3578
8542
5172
8613
3062
4145
9840
2542
5588
7699
2887
511
7103
4485
2230
5134
7457
5889
1973
5942
372
3555
6753
1063
6498
1505
3505
2105
6151
9948
5285
3122
7788
4156
4604
5491
9784
852
9692
6621
3221
931
2637
8784
7882
6839
7509
713
9248
2923
2921
7601
2176
9022
504
3728
8036
2703
5804
7678
3927
5674
2927
281
321
8126
889
4322
4259
6271
647
5419
5990
2822
6205
862
9465
5339
5943
6069
966
9888
7460
3781
9117
9631
6988
8723
6401
6106
142
9525
8035
3766
9652
7584
5117
8182
9431
4018
7589
3140
9885
2869
4343
4642
5843
1878
1772
5021
2594
7099
6919
1912
4795
2875
1328
6269
9080
8612
1781
7532
7483
2090
6741
4034
1732
8749
8661
9563
9957
337
4180
4557
2330
9301
5796
8368
3477
8098
9333
7312
9009
139
7932
6291
9712
5503
9287
2538
8493
6120
6750
8750
2515
5957
1076
5840
6812
6958
9486
5242
1402
4040
7512
1994
932
6776
9037
2174
7623
2077
5850
6136
1701
5760
137
9502
910
9849
2901
805
918
1149
3403
4771
5644
6821
7929
187
5601
3101
5389
8520
2148
2235
938
7657
5649
3102
723
6683
9102
1241
6089
8127
4931
6789
8814
391
7223
9668
1346
8848
9599
5579
3673
8512
1694
8692
5483
6155
2456
8636
3151
8137
6426
4102
2150
6118
4407
7150
5286
2679
4385
9302
2164
6642
7712
5547
9940
5063
9764
5466
3367
6277
5128
6509
7495
208
778
3004
9304
5694
5925
9021
2977
5873
3206
9453
664
883
9074
9919
3663
4202
2451
7507
8387
8730
6991
7779
427
2939
411
8306
5988
1693
9489
4047
5887
4308
5717
6431
311
3435
7194
3387
6376
1014
6918
8893
4744
4360
4756
2036
7364
5330
3506
579
9403
6078
5899
8595
3391
7121
9358
1115
9370
9961
2587
6975
3573
3237
8339
6530
5191
5612
171
1605
6737
6052
3966
7898
2980
4324
8319
4871
6021
2792
384
9691
8925
9844
116
4078
3512
4238
1997
9837
7120
619
3313
2521
2332
9408
7610
3428
7239
5974
4549
3600
5467
7851
4797
6307
1573
3717
1372
8972
7573
9066
5559
1723
2266
8977
7867
9804
4653
9564
5112
8928
1795
6429
6020
2136
6617
8830
1359
7122
1684
4357
4482
7311
1832
1696
9544
1191
7961
8758
498
4778
6996
3570
4602
8561
683
8357
8141
67
8204
5214
8633
4663
7402
9440
5325
6783
2202
5574
3690
7119
88
637
5935
2474
9629
9809
7942
4689
7073
8338
9271
6100
881
1164
8800
4227
9535
6891
2396
1289
5171
4230
495
3968
4696
1763
356
757
3806
3845
5357
4574
7891
5304
3014
8251
7717
6886
6073
9091
821
5212
6338
7129
9654
9718
4933
218
1870
2548
5247
3638
5335
7269
6589
335
2996
7624
6392
5270
3177
2275
8420
2602
2525
9129
9116
7169
2490
5983
3447
1601
8406
566
784
7232
3343
5499
2946
2856
8699
9666
7117
2724
4548
7636
230
1679
5342
1770
4560
1451
3243
2604
6476
7654
9077
7752
7444
102
8508
7586
2371
6480
1283
7458
4340
5076
2015
1375
3658
926
5838
5886
2379
9452
1303
8915
8445
1318
2526
2581
2738
4513
6298
8157
5241
5140
5941
9503
5024
9043
4027
1081
9927
5569
9619
6889
4012
8921
5420
8439
5369
8864
4675
1354
7533
8734
2649
8497
211
8062
1884
2253
3560
3820
7255
4017
1383
8524
3232
7846
4819
4754
7689
6836
2804
8607
6300
4405
1499
135
6203
6806
5147
2959
7295
7661
9322
2241
558
9584
5890
7698
5576
984
6760
3760
7231
7004
7362
7945
981
4080
8425
7783
555
1247
828
8502
9001
7797
9481
9639
6368
9247
7386
6745
17
7387
2783
338
4588
9901
2953
7618
7498
5054
8619
6174
3653
8738
1384
5048
6478
5570
7455
4920
2785
8833
4824
385
1428
9923
4874
3165
8095
5933
8450
9881
4535
241
3100
7952
8807
1945
9854
8031
7808
8104
7570
1421
595
3583
7815
7708
2288
9831
9417
3029
4363
6826
8735
9316
4477
8139
3988
8652
309
6244
4981
9076
7242
3385
9412
8401
1208
1704
7630
3686
1469
9902
6074
3851
6967
4019
1882
1498
2183
2687
2608
4298
6791
2099
6351
7985
6809
1819
9126
2491
289
6869
541
1914
9646
6702
1160
2558
8828
3746
6902
9400
4285
5778
7622
6395
9826
8093
4095
1172
2530
4016
9362
4138
3685
1231
6550
9466
2988
4109
5082
5354
2546
9869
5508
4075
4239
8589
2971
9994
8679
4425
6177
3576
8371
7504
9476
9740
8903
5692
6273
5439
7198
726
7497
6143
8073
1853
3319
3333
3147
4541
3434
9461
2670
9865
1181
8868
7247
623
5786
5563
9094
4839
597
6344
3053
3602
5252
3444
7555
5437
1078
5743
5328
3499
5638
2585
9862
1891
7826
6272
7258
3839
8119
5353
752
8198
3066
146
6682
5145
5319
9682
1924
409
4711
4146
9578
8285
5012
2348
2069
288
7821
308
2837
3757
7865
6734
9161
3115
5682
1340
8412
1630
2318
8894
9660
2171
247
1699
807
2344
3631
7319
1984
8415
8195
3473
456
3287
3443
4420
8028
6819
4671
9299
4365
3627
6449
6669
3665
4488
4768
1722
4639
5175
5718
6036
3401
5607
8486
6953
491
3007
452
3479
3597
8578
3150
8644
4359
4705
8097
965
266
6152
7459
6406
8407
9786
3423
7439
7552
9567
1664
9581
1409
9246
5309
9130
2496
1096
6129
5976
5130
8797
2120
1350
4152
5442
785
1824
2130
4396
9012
1847
8957
7701
7469
2990
9410
4637
3377
5168
115
5800
1636
8056
858
4024
6104
5254
8083
874
6524
9644
6631
7064
8939
9612
7906
6130
3569
2327
5321
2768
8841
7721
6982
5648
1999
7081
9702
5986
6774
2485
7217
1311
8431
86
7140
864
6700
9643
1608
9378
1688
659
7681
7920
4936
2661
3611
6383
2013
6185
7769
2067
9020
1828
4810
3395
5897
8716
169
6510
8457
9218
5707
7234
2261
6396
7736
7917
2264
6417
2522
5374
3422
7230
3152
4400
2895
4666
612
8646
9797
1888
7002
20
2462
2681
2004
3266
7738
4715
2382
1916
9566
9499
737
7272
1037
8484
933
912
6646
7575
2301
5669
571
1398
7843
9732
4164
8138
297
9610
8324
8263
5987
7264
3944
771
3400
9792
4098
1329
1313
4767
9510
2590
5995
6171
4965
4971
4710
8389
7330
4054
5401
2245
1310
6570
6579
4414
6366
1210
1255
468
1568
3684
9946
8433
6601
8724
9753
6353
7802
9628
7477
7126
4448
8060
8674
2992
4932
475
6139
2298
8219
7351
1407
9373
8647
3448
1816
2678
1180
8099
4849
2766
315
5691
5379
6847
667
9655
2447
4094
447
6873
3986
9912
5665
8378
4301
5967
5131
8463
4081
6655
1966
2248
4566
1248
6888
2553
7591
1443
5509
3194
3329
1768
7970
9944
91
6096
5862
6796
9082
6281
1988
1291
9821
5893
6472
1422
1280
8220
5950
4947
379
8974
9963
1820
5276
4526
436
1178
1968
2782
720
7274
4348
8952
4188
4978
492
7915
1500
9123
5422
7841
1567
2429
3393
4060
7187
7282
5243
3116
9787
8626
5596
4030
1295
3825
2094
2249
2157
7819
2239
9724
8078
2675
1448
2832
2155
2325
1915
114
8740
6408
3957
3860
9121
9780
7749
8424
8757
209
1996
4706
9568
9377
5410
1811
4603
2985
5187
5765
7887
9208
1757
9512
7173
7875
4390
2
6413
7141
5137
4495
8458
3545
3701
4339
7058
1794
6835
3542
1173
1586
8704
4306
8549
5663
7745
9158
7742
5173
3265
8273
2427
8805
5455
2557
1460
9137
2196
4833
9067
8985
8564
6804
5937
6722
8226
7270
9638
2998
9893
2299
4561
4571
6009
4498
924
3275
648
9239
8737
3174
8691
417
777
9192
8079
6716
2223
7013
4243
4264
3280
9536
8606
9187
350
4424
3375
9501
3974
4020
7666
4315
2460
7352
8826
1793
4222
1221
3235
6088
8752
7384
8107
5767
3145
3362
5817
4798
8839
3381
6044
9044
9593
4988
1179
6229
824
186
5224
3731
5096
5626
7246
3983
5700
235
3289
9760
228
9700
120
415
6370
8432
6845
556
2634
5457
1240
5661
9176
3431
1404
5537
2896
8964
1367
2124
5652
8521
1678
6219
7284
3234
9742
254
1093
1632
7165
69
1423
6211
4059
4808
2647
7211
7253
2549
1068
3793
6610
6189
2420
6080
6442
1270
5636
2368
2838
1276
2360
8396
7673
4627
2247
4644
7818
4130
2073
4244
8682
2752
4563
9260
1067
2470
8207
3239
8461
3607
5384
11
922
4010
9144
9347
2571
8118
6992
8274
8843
6115
149
1863
6600
407
6828
2246
3680
9621
5067
4578
464
3227
2955
1821
8851
6138
6615
5929
3961
9109
5713
2149
6803
382
8522
2954
944
5903
9955
1071
830
2468
3645
9339
6456
2021
488
7999
393
2103
4509
6323
2712
3857
6415
5622
9808
3156
2873
3640
3616
1596
2498
5114
1780
5267
1508
8706
7
5053
8453
1799
8001
1041
7346
3719
2391
2669
4803
3844
3341
5278
5924
7909
1680
4121
1456
6829
5564
9217
809
2702
3163
4775
6114
4846
1171
3902
4191
1545
9614
323
1339
6095
9911
5156
9772
2784
8632
4899
9986
8472
8086
7667
7922
2319
1052
7787
3874
3178
1931
5368
1042
2934
2159
6394
301
7368
3044
2656
4614
7988
380
2888
2349
386
5035
5317
3778
1759
7807
4850
2728
2665
5580
9018
1217
1646
8537
9444
1612
8155
1233
644
6264
9367
1774
9111
7664
387
9081
8030
6384
6283
5996
5681
5895
8247
6142
2031
4275
8206
8545
7261
9107
4758
7741
2777
4823
9270
6324
7420
7067
6447
4105
4641
7603
477
3925
3859
4132
8211
3470
2629
5867
2736
4446
1466
424
8025
9791
6274
9205
9636
8719
1330
1267
3035
7236
6675
3363
3531
9871
3481
6409
8860
9361
1368
3743
3085
9328
9258
5578
5148
5079
3306
9198
9739
3598
9653
5313
8941
7006
3711
1290
5057
4352
8827
3708
7946
3247
615
3903
962
144
6782
2947
4974
746
428
8770
1019
5476
6968
5982
3716
6489
7635
6076
4825
190
7012
812
7907
7683
8604
1324
7832
3338
6505
6208
1039
4200
1373
7694
9269
6349
1961
5003
4382
5068
2326
2028
9166
9879
7154
1397
5650
3285
4799
9146
1626
5251
4880
6404
1776
6707
6711
751
6974
4699
3083
866
3331
394
6350
8068
9838
993
4742
6773
7108
6636
500
837
9083
7560
8115
4827
8166
8217
1805
502
9611
9942
4857
4071
8091
7332
7070
4693
4646
2841
5111
9872
3765
7600
3745
3016
9095
3189
6398
7581
9250
3176
2506
1369
463
7723
7251
3702
6590
8774
2428
3620
9162
6242
25
1766
453
8358
8355
6168
1380
5641
27
9903
9002
6126
8116
6599
1544
3119
9414
5463
4144
2609
4473
791
8772
8026
5630
8363
1237
4542
4411
7257
8671
8408
569
6001
4713
9028
9456
9572
4438
9163
9372
4335
7594
6850
640
649
6014
549
4284
8707
1903
8170
6644
4964
2218
560
6793
530
9701
7215
8307
4915
1266
8899
681
8404
1046
2117
9856
5469
4147
7440
6258
9974
8108
5752
693
5906
1018
8282
9405
5809
2645
1461
5672
4286
70
5818
1316
9228
35
6864
8233
4085
3571
8037
2440
479
2054
9618
2424
8417
1142
9224
9959
5070
6197
3446
3508
2845
8597
3077
7266
8280
9796
1028
445
9177
6903
3282
4435
2734
7046
6239
7918
1797
9816
7516
1032
7638
476
9183
4738
406
5426
3467
4817
5141
7404
7508
4172
800
6435
6494
8379
217
1
6160
4422
3214
1719
8330
5945
6807
1655
5513
5999
2593
7153
3050
865
9556
8585
4927
2756
7598
2816
5565
1106
6059
9406
3921
3474
4100
6582
7680
2227
4765
4119
5298
8767
8261
4834
81
1536
2689
1228
8766
4397
5774
9381
1024
643
22
9206
7413
7642
3610
7585
4836
9019
153
3662
8556
2285
2883
2638
9454
6742
1718
3241
9279
8094
6635
4624
256
2175
9720
1017
3810
8656
3918
5677
6881
7374
3359
4445
6990
6436
9221
665
1764
9650
3671
3270
5642
7345
1474
843
7653
3920
7855
6890
3495
1166
2938
9202
5340
8005
6407
8768
4195
2426
959
4726
9231
1072
1147
242
6187
8335
6534
2626
53
6650
6005
2714
4994
4205
5449
4151
7241
8072
1319
8593
3558
319
2957
7608
226
9098
3643
6952
9513
5811
7506
7436
5953
2713
5919
8777
5646
4092
5220
4669
9887
8194
7859
4791
1400
4350
1672
8364
6846
5273
6007
9064
1649
8177
6815
842
6667
185
5545
9164
6306
1504
4872
3660
6944
2528
6063
4032
1523
1394
1296
5073
1190
6238
6580
590
8491
1826
7208
5536
573
3994
6198
2533
2965
4456
4468
4537
7176
5861
7518
2860
7401
6728
6085
3964
1639
3386
7806
878
3389
7381
9590
3171
5951
6612
6460
1444
1660
850
7700
682
5827
6279
6411
3121
8554
6651
8451
8916
706
1338
1284
4392
5065
2315
471
5318
1070
6862
4084
6255
806
7017
8566
2827
4307
3507
8279
2767
7597
3419
5458
7074
8967
7009
1615
5049
6908
1389
6172
5834
5249
3700
4364
8760
9048
9257
423
8995
9010
8188
6191
2907
1713
8027
6381
9469
3353
1782
2572
304
5685
4925
1108
1480
9442
9213
3071
8583
9038
1282
7531
2929
9616
4474
5358
121
6424
7644
4393
5400
3789
345
1146
7441
2512
1707
513
8048
5562
8792
4088
410
4842
9070
887
5164
9235
9243
4697
8352
8820
8888
7076
5891
3581
6790
5271
6247
2956
1518
5209
1860
5189
603
8117
194
8069
715
7240
1254
2595
325
7840
7482
591
4906
7227
7464
8021
1846
1275
5448
2863
5341
5495
7468
2805
3054
4149
3340
3826
4606
8422
7870
786
2765
1581
9916
4861
9152
7456
3666
3027
2444
1520
2684
2126
4650
6699
9779
4617
4895
7472
524
2016
1121
8259
2820
4328
9242
2815
4975
8140
9928
2793
1013
876
6569
1027
7816
2667
1631
3015
7569
6098
9382
6140
3754
1484
1268
7313
2507
1138
9496
5874
6192
4888
6081
252
5153
6602
2540
3261
7218
4595
6241
2584
2101
3756
1552
8102
4338
2799
5087
6971
2389
509
3173
7561
1771
9762
473
5390
1566
4387
3843
9744
8186
2741
4069
4733
8519
189
3112
4546
4882
3311
7980
203
6936
5586
7706
2510
6029
487
9658
7486
5329
9115
9689
3219
8806
2172
9084
4774
9843
3614
119
7873
5085
1026
6094
810
9550
8912
1154
2882
3201
996
855
5764
3138
7517
6266
9722
8410
7634
1455
6065
2817
8690
3114
1796
6762
7175
5227
3588
6604
4677
9281
1589
2698
2438
7427
78
6859
1211
867
9813
1326
4210
3089
2355
3384
8294
8071
5532
9110
7893
9154
5477
5375
840
5352
546
8769
4570
7193
3519
5124
1057
1896
6533
227
8688
2975
1463
6713
3327
3349
594
8857
9882
5125
9335
2580
9313
4951
7114
2263
4725
7540
6553
6377
9998
8913
9617
3525
6802
882
3937
745
4026
3436
420
5624
1517
5819
2508
2463
7421
1055
6385
3767
4169
5282
7758
3517
8081
5351
486
6558
7704
5745
6979
5040
9713
3674
8429
9635
8179
3268
1921
2899
9520
3244
2147
6671
6657
8485
1031
4182
3812
9648
3768
1234
3741
3751
3488
8510
4962
7950
9175
113
8544
5481
9293
6740
2143
2465
946
10
306
6719
3346
9552
2568
5301
711
8856
7244
4462
9375
2999
3625
7454
7705
739
9216
6701
499
8267
6158
7760
3819
469
2926
4503
455
1654
5660
9627
3735
8951
3502
9421
8503
5602
6425
4630
6240
823
7522
1168
708
9758
2017
4700
1604
7376
101
7864
2642
7036
7010
6159
3296
1909
7196
5553
7307
4015
6561
9842
9035
6325
2024
9484
4523
7118
7534
6772
5038
1779
1628
2102
1482
4884
3604
6710
258
2238
4893
8499
6103
8100
8917
1904
8149
9386
4909
9149
5333
6761
7380
328
5151
8541
8050
639
8938
7028
8869
2598
7449
7249
2119
1213
689
7078
7886
1708
6099
1125
6879
4552
250
6035
9451
6231
1645
1205
3034
5105
7954
5555
4
9709
2774
2195
895
9181
3528
5296
6180
6054
5364
6723
8070
9685
2688
3871
4655
9391
7692
7693
5542
9156
8930
9802
7628
4231
159
7536
2978
2018
9896
7735
6391
7617
3804
5475
5812
1666
9015
343
6892
1890
8019
1453
150
5009
4543
7538
6586
4011
4478
3033
6690
4056
2949
921
9921
8782
7831
676
2222
7602
6634
3748
4868
9240
5869
8605
4954
4651
4723
2335
2131
687
9540
8084
7127
7341
312
2304
9553
287
2706
8123
4299
8041
4878
4312
9446
4792
3218
3538
418
7637
7842
672
3170
4219
4845
7964
3120
3175
8500
1209
3776
6521
4120
3031
904
1753
8010
5438
1399
4008
9523
7371
49
3425
7162
6488
3006
5194
1262
3476
8627
1748
2663
6382
1468
2719
4505
2142
9160
4568
2163
3509
9278
3892
4240
586
2937
8171
9873
8480
2457
316
955
9366
863
6810
793
1097
9775
8470
1494
1954
948
8313
9155
6443
1813
5659
3065
8293
8695
561
8008
1787
2878
896
4581
9232
9937
2989
7956
6403
296
2686
1220
4293
5680
5411
7554
5847
5176
2084
8386
951
5514
1496
83
671
4618
6730
3475
5081
5201
54
131
3753
9268
6520
4684
9042
7757
6232
4212
443
9355
5470
5261
1342
4288
727
3051
7399
9632
5350
5167
6921
6320
9968
7314
5058
6041
9314
5741
6423
7796
6744
5981
588
3626
7775
7331
7423
320
7019
8331
6912
1366
1908
2709
5813
7357
2242
9750
9477
9719
3098
9569
5362
1597
1593
1433
2826
3442
8134
4344
1309
4124
8702
6031
2903
9267
1445
2704
2450
8284
5027
7648
943
6399
3259
4346
6421
2020
5215
3110
6161
8133
3739
5061
8553
8193
3628
5307
9310
6813
5193
4632
2294
5026
4937
9905
9168
2019
9122
7604
5028
3500
6978
7157
9352
8326
9900
1599
9922
3325
6743
2830
1949
5962
8718
4460
3197
5750
8366
1703
2658
3596
5206
2566
8365
6024
9172
2309
9479
3324
811
760
7525
4955
6137
9411
108
9934
6787
381
7737
3307
768
7179
7022
416
8310
8809
1419
6361
8256
6499
5992
5262
8871
1243
8662
7544
8950
3036
3223
1938
9868
9667
5010
1620
7615
7574
6339
3209
5000
4790
7881
2191
5424
6929
8314
4043
1109
9508
7039
4310
2345
7523
7948
1488
8778
7858
1141
6565
2198
2601
6712
8012
7048
533
980
62
3696
7349
1883
8746
9538
775
6948
9834
355
50
5238
5623
4091
7944
2108
5280
870
1831
65
4255
5078
1259
6504
8611
3298
6082
2797
6834
1060
7318
5527
4093
8344
628
3131
5406
2904
1075
2058
3354
4187
515
9679
3308
2270
2639
3841
5493
1132
701
4421
4908
3907
4023
2023
8574
5739
8725
3898
5414
1043
9711
9498
7933
4812
1265
2582
6933
2006
8577
3334
4481
8281
9029
1812
8821
6970
7363
3445
8143
6941
4982
6440
5264
4615
9049
3516
118
5240
3124
1080
8710
6157
8837
6204
8168
3798
9649
9613
1786
5816
8136
4865
5066
5751
1490
3911
5378
6190
2296
1894
3426
6393
2711
670
2824
8898
8212
8965
680
9394
3900
7329
8684
6513
7659
7587
5163
4670
1416
2057
6756
7163
2682
4628
9292
7267
279
6759
3379
8907
9798
3904
3449
451
3398
5771
303
7089
7071
2865
820
9089
1922
8932
1697
6485
9656
7568
4898
9532
7746
8446
638
1150
9803
7221
5686
5094
8320
7365
4233
432
3019
4853
9895
2256
4044
7983
5793
539
7641
2053
5032
6026
5884
5416
2825
8393
3612
5017
1972
66
331
6077
2831
9789
5814
1111
4843
6907
8229
2334
8253
6957
8252
7280
5383
3032
104
3599
9142
6588
4605
815
6763
1634
8933
7979
212
3252
544
2762
9933
2600
43
7958
6662
532
3998
3534
6019
1727
2064
2123
605
5758
5865
6942
9013
7278
4531
7480
2864
6278
2211
8390
854
8007
368
8297
2911
4610
2114
6687
7559
5479
8214
5334
8236
3772
7582
4550
6051
5239
6506
983
5190
4470
9551
7905
2362
6276
4274
6897
3005
7658
4465
9059
6766
7722
5881
8645
4782
873
9558
74
3648
8380
180
1887
7503
9060
4532
3855
6243
9943
1025
1647
3886
5522
5610
6884
9251
563
6233
2383
3527
9402
967
2866
6028
7301
5864
2244
3787
1249
2819
5232
2113
8360
1527
1917
1258
1021
2320
838
3955
2010
7008
8173
4046
7237
9880
8557
373
7647
3126
3877
3800
3655
8788
902
7751
6465
5380
4934
3409
9534
1222
8266
9150
7549
3172
1737
3184
3969
1086
2892
4517
5599
1425
249
9284
395
8494
4952
5488
4889
4514
4796
3515
5103
8895
9763
956
8949
4388
7774
7406
5430
3915
8743
9661
4649
374
9306
3816
3635
9351
9592
9099
9031
8340
1395
8376
630
7086
5598
95
136
1117
5083
4077
4035
8341
5244
6474
7139
8011
1798
5779
9771
9178
9464
804
3129
995
4626
5609
6575
4896
8124
5233
9376
164
8570
7180
3997
2909
7397
897
4150
4780
9052
2412
754
2886
64
454
9824
151
5211
2780
4452
358
2898
1360
7782
885
5594
8442
8855
7754
7849
2876
5699
6552
1702
1157
7447
9746
2260
9982
537
4507
2806
5830
1269
1045
2262
324
6153
8
1872
4718
7199
1745
3552
6329
975
8490
4443
7725
3910
1595
8476
5497
2960
6624
4401
8221
4572
646
1560
9170
9583
5084
174
8200
5746
709
2855
4208
4760
201
3805
5413
4529
6481
7336
2409
2112
4692
6315
1136
48
9783
1195
1889
4039
7224
620
7360
8448
963
2231
7732
827
7928
9537
156
4436
7339
3136
3160
5571
3092
6
5666
2963
6632
9579
9008
7300
8175
7155
5331
4648
5218
6022
7688
9580
4245
9795
1919
2182
4367
6915
8678
6117
9891
6598
5905
3317
5071
5523
4006
7023
1851
6201
4864
3061
8246
3463
5878
9730
9769
8569
5133
6725
2717
9800
4101
4963
1690
6163
2035
9226
8515
8286
2691
470
2478
3561
8610
1185
3091
5014
8552
1212
97
9167
4242
8808
1569
6814
1439
2400
2297
1087
7884
4856
2732
2539
3246
6006
8244
3724
7588
2052
5722
7030
5923
2121
8801
8835
7254
2551
826
3726
3894
3461
7057
9504
9203
3807
8343
2596
4984
7289
9782
1928
6218
1591
2993
8996
5577
2575
484
9108
8065
9297
6571
4235
1320
9799
3344
8634
8395
5064
9134
5075
5287
2306
8580
6854
6932
7778
3082
3854
4320
2615
4170
2611
4158
6827
4325
6896
3822
9765
4384
6939
7037
9601
3613
8074
7016
6317
7087
6111
4116
4203
7895
988
5269
3835
28
6347
9100
1762
1734
9053
6495
2801
2943
3245
4877
1662
5421
783
7393
1155
3987
9925
1090
6935
7607
6178
7467
8142
2387
1947
8946
283
1862
4761
2364
5519
3210
4068
6795
3979
9488
8367
9360
8575
3526
4643
8230
6853
9587
2372
526
8496
2814
4870
9157
3572
5001
3011
1000
4924
3661
390
4292
9290
2621
6050
6371
3380
6643
2787
7521
5535
6620
3392
1301
9915
366
5043
7250
5912
1102
9958
7556
3813
2201
4657
5157
707
5367
5373
1271
831
4686
1642
6433
9672
4372
799
6585
2984
59
3260
7029
4905
787
5461
4741
5989
4370
1377
8462
9906
3769
2293
6113
2061
756
7539
1278
3688
5538
3058
7219
9359
8227
1823
7093
7794
1969
98
1585
4336
2930
8729
7614
9390
5517
762
8873
6261
5409
2068
3417
6310
5104
5132
1623
575
5971
9766
170
4521
3498
6769
125
7034
3532
9875
4332
9997
7385
8172
8014
8642
2350
857
3429
685
4104
5186
3369
4558
8504
9941
8359
2393
528
5300
3137
6695
4922
7994
4562
8305
971
3439
8919
4820
5969
928
6033
1501
3396
8147
1721
9092
3286
3407
2854
2503
9463
4103
274
6653
4786
7676
6861
3940
1625
9230
2273
2045
3557
2936
5372
9698
9600
2378
3996
9045
1538
3901
3595
4166
4277
87
7490
7391
8616
8914
1431
5904
3615
5120
8822
6004
9079
4862
3153
3485
2029
925
5973
2076
9866
7243
1374
9894
2268
5451
6555
5963
1236
2439
2338
9291
7493
9225
8745
861
2881
1964
3240
1913
8573
7184
675
4048
3300
1302
5490
1951
2619
1843
9693
4678
2082
4331
6048
377
872
8465
9185
1700
3833
4159
7726
6535
4851
6135
1529
4316
7035
3267
4944
3823
721
8883
974
1145
6591
6459
2216
2092
5908
6479
960
1524
6735
782
7593
5583
5295
6947
330
6030
552
3166
914
8482
3791
3117
5683
3617
2167
839
9521
5314
4467
8114
9407
7550
285
5618
9093
2591
7484
6234
2486
8689
9899
2574
8064
6023
722
3546
8872
4490
9526
5022
1294
2324
3755
7276
1736
5275
5456
1403
130
9085
5237
3814
2565
6522
7316
9852
5139
8876
4394
9054
7197
8956
1182
9326
9884
1610
8630
5797
1671
969
7577
2563
3450
3276
2405
126
3634
8325
2504
950
3621
8043
9857
58
9677
6909
8971
5344
2573
8836
4168
4567
8328
3868
1900
6984
6466
2346
4996
1755
9833
1976
5939
1437
9090
478
3609
3913
9136
3952
8531
9058
7151
3984
8759
8579
4029
1334
4840
7789
7668
6003
9438
2458
2040
3010
5789
1818
3884
9547
7487
3971
626
1893
3464
4876
9748
2674
8017
5911
5947
9989
525
2414
1300
4659
7491
1875
68
8208
8434
5639
6358
3529
6250
9298
7474
483
507
8790
6490
39
8536
2287
1105
4613
3028
8464
1091
6301
4450
7166
1952
4114
6236
868
4014
4129
3989
3821
8265
8144
474
6321
8621
5632
4953
7625
5679
9930
7823
9056
7395
213
3608
3056
2343
6775
1838
5737
1012
9460
8311
8987
4143
6045
1614
2402
735
6557
3945
6309
2145
1551
5170
3593
5757
6121
5687
4510
2644
9428
5560
5879
2894
1836
6333
2226
8559
6800
7921
5015
3721
5311
3544
7828
6639
4746
1570
691
9522
314
8963
2802
3713
89
6548
3292
856
7159
1983
6316
2416
710
4577
3891
7719
9630
3203
9570
106
193
371
2701
1410
9505
61
3788
7750
4261
257
2618
4749
4793
195
3934
244
6270
8049
6779
1580
2347
4236
6221
5180
8438
7031
7903
6328
818
5756
5835
3917
2237
700
1561
5263
9138
5046
606
5790
9983
9714
1183
3220
1792
3111
1845
3198
221
6493
2842
6133
7889
5327
7167
8863
8802
3991
621
3852
769
9462
5820
24
5938
2169
3801
2097
6165
1531
4599
2352
2369
7612
553
3018
3982
7354
2545
4303
7914
4518
9582
3099
4946
5673
3633
5236
9364
8584
1611
7595
7149
6517
8514
378
9262
2446
5222
7115
3297
650
5833
7837
5408
9222
4829
4586
1607
7168
1895
4837
7446
655
3188
6414
547
6832
6563
5913
9200
4005
538
1244
4740
9924
3939
4564
6149
4127
4860
5343
6467
7124
8976
2603
1495
1120
6718
8105
4918
5088
3376
8555
1584
3929
7164
9159
5730
7762
9321
5870
8428
5842
6692
8540
3291
6147
4297
2588
3867
4037
5735
2276
2257
1535
1911
3733
9981
179
1800
9286
5934
1750
9642
2607
738
2025
300
3084
6331
4362
3164
1554
1775
6056
143
7287
361
3678
2944
8852
7645
3162
9336
3157
5020
913
5763
1726
1564
903
9861
892
3451
9086
1742
1196
5326
7047
6660
3352
3738
4480
8720
4885
2328
5651
9707
8169
459
4004
4021
198
3963
5324
8795
3161
8526
497
1881
3856
6778
6038
2871
2134
9575
9277
7340
8400
964
346
1556
6260
3167
8663
9057
5715
7557
5684
3105
7499
4442
6980
4183
450
3681
608
4747
8240
1044
6867
5440
9728
38
2139
3514
3064
3271
9199
1661
3242
3013
6874
401
269
8998
8272
3830
4813
8666
2401
9697
7123
6262
3323
4369
1747
6911
585
9687
5654
7955
6427
7095
581
7392
3587
1135
2757
1030
748
8565
617
2011
3462
9640
6452
3782
4848
1562
1927
183
9822
7786
7966
1385
1418
2116
1261
5138
8160
441
3893
634
6223
4555
8603
8596
4181
4594
1935
5960
4386
4157
6012
1773
1600
8594
4809
987
5434
8517
1749
844
2445
6717
1959
7925
3427
4418
4174
7298
1337
7252
2192
6688
545
6342
2773
742
6438
4553
1673
2220
9120
3774
719
8929
3586
1652
8384
9877
2377
1314
167
9459
1670
1323
5397
9747
8299
5381
4500
4623
1534
5526
6538
3168
2341
5446
9040
6648
6357
6419
2493
9545
3251
133
8878
6402
6058
733
3023
3269
5126
9253
4631
2008
1974
7707
5528
6445
5072
7422
327
901
3795
9817
9727
2308
2541
3465
3582
6544
9007
8405
4283
7050
4374
8908
8697
2727
3818
631
1873
6977
6677
9585
9201
9832
3293
6541
9794
8819
1709
9354
2481
5435
4859
9883
3687
2967
9173
2733
8791
3923
5775
2501
2624
6055
9675
4326
6900
834
3563
6963
4345
6858
8426
5556
2884
1598
3575
8375
7110
5801
5706
5587
9904
6362
641
7181
4440
1382
7935
5726
8638
4583
5766
2616
1874
47
9423
1644
7805
7226
582
2632
8582
2473
7116
5185
9952
8161
3185
3284
2258
8316
7481
2833
8132
5178
3148
6871
2722
565
192
5768
4463
9443
6709
5930
7204
9557
5260
6654
3838
8562
2295
953
9379
6691
1051
5961
7631
7398
5122
1683
9283
7038
4437
5781
627
9984
3954
7185
5127
6491
7055
7682
6335
8394
6299
7685
5464
3958
529
6332
3365
3390
7083
698
3836
2846
1144
697
2203
1789
9597
4186
1357
4496
6576
8478
989
6751
2823
5308
7172
5727
5505
8130
7489
1277
5306
1197
9507
7756
8994
8223
3278
7296
4295
923
3808
1462
8121
2950
9055
6905
5784
9529
2063
7695
6924
942
8703
9075
4724
4993
4083
4751
535
5748
4221
6866
4992
1085
237
8051
3430
344
2096
4802
5392
1963
8275
610
9759
1715
557
2292
6801
9681
248
5917
5755
5841
6954
9350
730
8045
6738
3078
2133
8997
7432
8978
134
5183
5738
1327
1617
6340
5052
9964
4950
9950
9806
5055
4930
6492
7669
6410
7894
4668
6503
2449
3777
1341
9385
9063
2421
8945
3562
9416
8722
8947
5165
6455
1616
7619
1563
508
5719
8789
6767
7053
8617
3196
363
2788
3949
5208
8075
1364
797
4979
9515
8547
6053
9645
168
8243
740
7599
8327
1440
6246
8020
8178
7791
1061
6605
3644
1432
5293
6638
4334
9731
7061
8937
741
8409
8622
9737
7951
3383
1470
3068
702
6365
4511
5516
4300
8225
2107
3737
584
6108
8085
2818
4253
8110
7066
4816
678
3897
3143
8962
9180
7655
9252
4417
1898
29
3316
7248
5658
3312
6618
7471
7256
7996
4575
6696
4801
3887
2479
3511
6173
8673
7207
3074
2694
5854
1899
7897
6457
9785
1866
9662
7938
9761
5788
7871
9812
9234
4287
5795
8444
4673
2857
5279
5216
3618
1486
1665
1549
5427
1830
4538
677
8618
6150
2589
6453
5619
7143
7940
4269
8103
6468
4356
4162
9275
7799
7051
7205
7649
375
1406
7923
1587
6515
9276
1033
6216
2279
7191
749
666
3959
4461
7687
2214
4667
9851
6663
5445
277
7729
6146
4956
7174
5593
3579
7910
2111
6212
4380
6843
3482
7968
1393
367
4185
6040
239
936
5091
6950
9828
1839
5940
5876
6378
1204
9256
3086
2434
4491
34
1674
8024
5
2835
7930
587
2375
7308
1089
8650
6428
3775
6838
6755
4061
5643
9184
6613
7811
4752
6594
7453
8563
1506
302
9823
9947
9418
5459
4492
9147
341
3912
1002
6818
9706
6920
4065
2281
3281
3659
2336
8936
7080
5668
6951
9848
5714
4223
7665
7305
958
5733
3459
5725
2746
2552
7639
6441
7225
3258
9705
4589
9743
1189
6034
1458
7125
1378
2129
9439
7238
1957
9586
4695
2317
9193
5696
8599
9272
2534
635
1848
2240
6811
4887
1386
9341
9036
5370
3554
438
9419
1622
7102
1219
7528
7720
4619
154
92
6931
3202
8639
5531
9571
1515
3896
822
3550
5993
9910
4009
7992
836
7690
3533
5041
7727
6213
3888
5711
6364
669
6249
2870
3933
3026
7209
9735
7962
2180
8469
1381
5396
6330
18
33
6731
3862
4672
3747
9596
4512
7850
9815
2002
4921
5909
6175
9033
4911
833
2455
3008
7461
196
1256
7325
1230
935
2761
6507
3113
9914
6237
2026
5785
5484
2050
8885
2333
1588
972
6603
3537
2274
8943
3742
1203
2267
4279
4698
7605
1609
4530
1487
354
1008
4912
9626
5859
2560
1943
5956
8260
9050
5597
4366
2234
1571
9987
2190
1058
9145
6705
9223
408
574
8413
6209
5932
5855
5868
4737
8455
7496
1627
3950
5184
4249
6305
2411
7142
3863
1970
145
6387
5984
2162
8135
703
4358
2488
2635
5376
4178
4867
482
292
5892
9605
6901
3580
2982
4270
2781
7874
9259
2070
5791
3133
6296
1925
9128
1246
4497
9595
2291
8435
4527
5631
7334
5107
7824
3869
5098
5702
849
399
6196
7473
7879
8002
2495
7744
3930
3070
5871
2653
7773
7579
8751
6536
6390
8032
8861
813
3059
1159
8237
4607
6720
4290
1426
9006
632
4067
6346
199
4807
6336
3457
5753
3045
1635
4914
4341
5558
1740
2718
2140
9471
6483
265
3466
6976
2030
8741
3956
4674
46
8052
30
7210
4074
4926
7131
9694
1590
3605
4753
6162
8727
6049
2072
900
4471
7025
860
197
5805
7291
9588
2331
3192
2933
5045
181
4929
9559
8440
7355
9703
1695
6676
5044
313
7383
6926
7419
8487
4841
2811
7957
908
5259
6062
2199
796
7896
389
5460
1441
2654
3831
1123
7640
6154
937
1638
6437
8924
625
13
6294
5888
4890
1112
5998
2683
210
761
3947
6145
9949
9220
405
5510
7795
5920
9254
2022
4844
7697
2060
4854
5616
7798
7716
2494
8850
8277
3088
8351
6322
3878
4784
5182
1618
4140
2840
7629
2282
6630
6649
76
7982
2622
9966
1343
6916
4209
6295
8109
9696
6186
3228
5346
6817
8443
9594
8467
4763
9470
2771
7899
4883
6341
9530
2742
8696
6360
2518
2900
9531
6876
4973
2106
8015
4254
8249
3758
1353
2441
2910
6733
5900
3698
5492
6904
1650
4379
220
9433
8867
79
251
6842
8609
8714
7063
9357
4066
8492
3744
6170
1227
2137
8588
3075
9721
9827
1640
6949
9729
2091
6732
3873
3226
45
1986
1557
5496
332
9236
32
3824
9801
8523
26
8623
3262
6848
8164
222
2693
9449
2902
2779
2048
7535
2716
1987
3233
7323
9023
1998
6043
4458
7772
5471
8882
1689
4524
5543
3703
3834
7222
5142
5292
9969
5832
7356
2987
6985
6972
7724
2735
2648
7414
365
1358
1489
1522
8558
9214
884
7973
1975
3785
2047
3017
4126
7888
7919
2776
2725
891
160
1559
2366
5109
5405
1427
9450
4494
7880
5703
8653
8825
1084
19
3351
7478
567
764
165
5031
9071
8501
1223
8600
6681
276
1315
5693
4769
6841
9000
1804
6661
1602
4728
8926
4998
3729
7091
8317
7627
2406
5822
6715
4976
5803
6134
5721
9967
4961
419
7135
4052
6877
2189
376
6166
9338
7044
3076
3057
6647
2277
3694
4779
9839
3063
3589
9528
6616
2177
8581
4215
1548
9215
7020
9818
5011
851
5102
8739
8658
6420
7041
1370
7170
2403
8897
2885
8334
8993
3484
2138
1738
347
8385
8238
696
1956
6822
6698
4086
9011
5787
1982
3347
5135
7527
6727
1299
4228
6658
5573
4354
9308
2388
1038
8290
977
7703
596
3012
5716
421
4330
4826
2144
9349
8516
636
2497
8262
396
3358
6927
245
8875
3079
8202
1202
930
7545
7848
5336
4013
8935
7018
1837
5202
3200
8101
2407
9995
1871
6434
9992
1094
5533
5777
6230
2373
718
7902
3866
4072
352
8911
2879
795
7766
3230
4403
2932
9993
7835
9487
8602
5926
2272
2529
1184
3169
8773
5436
72
4600
2033
5567
4501
6359
1577
4789
6087
6131
919
6863
9305
426
4755
7437
8838
1139
3204
1053
140
7878
4634
5006
7485
947
2254
7285
1942
1064
1307
3564
5360
9996
4337
3577
9409
4429
6820
4707
1859
480
8511
9494
5949
9734
9509
6584
5629
1929
9171
4479
8786
1594
6188
9620
8167
8910
6475
6785
2284
9300
2940
7463
148
4327
5762
4781
4466
2151
2775
1815
3740
9939
8764
8414
6542
2749
512
3797
9482
3025
6697
2764
8231
3303
4139
832
103
6694
4785
1003
5518
4428
